73 0.0132653 0.756805 0.0265306 0.202367
73 0.00816326 0.0970414 0.0163265 0.0852071
73 0.00867347 0.136095 0.0173469 0.106509
73 0.585714 0.572781 0.0734694 0.833136
73 0.0122449 0.246154 0.0244898 0.352663
73 0.0147959 0.644379 0.0295918 0.424852
73 0.703061 0.579882 0.055102 0.818935
73 0.246429 0.555621 0.072449 0.824852
73 0.859184 0.554438 0.0979592 0.855621
73 0.423469 0.588757 0.0857143 0.798817
73 0.931633 0.55503 0.1 0.863905
73 0.770408 0.557988 0.1 0.84142
73 0.644388 0.586391 0.0785714 0.79645
73 0.329592 0.557988 0.0897959 0.853254
73 0.511225 0.540237 0.108163 0.900592
73 0.178061 0.528402 0.135714 0.902959
73 0.0770408 0.494083 0.123469 0.95503
